%% set_figure_colors:
global COLOR
COLOR=struct;
COLOR.red=[0.9490    0.2196    0.0784];
COLOR.reddark=[0.7843         0    0.1373]; %[0.5490    0.0667    0.0314]; 
COLOR.lightred=[0.8627    0.0784    0.2353];
COLOR.green=[0.4745    0.6431    0.2275];
COLOR.greendark = [0.3 0.4 0.1];
COLOR.lightgreen=[0.2 0.8 0.5];
COLOR.blue=[0.0706    0.2    0.6]; %[0.0706    0.1451    0.5];
COLOR.bluesharp=[0.0706    0.1451    1];
COLOR.gray=[0.3 0.3 0.3];
COLOR.yellow=[1    1    0.3];
COLOR.lightyellow = [1    0.95    0.3];
COLOR.sig=[1    0.7    0.23];
COLOR.orange=[0.9608    0.7451    0.1451];
COLOR.orangesharp=[1   0.6157    0.1686];
COLOR.lightblue=[0.4471    0.7922    0.8667];  
COLOR.verylightblue=[0.94    0.97    1]; 
COLOR.purple=[0.29 0 0.5];  
COLOR.black=[0 0 0];   
COLOR.lightgray=[0.85 0.85 0.85];
COLOR.whitedark=[0.92 0.92 0.92];
COLOR.redsharp=[0.9    0.1    0.0784];
COLOR.brown=[0.8745    0.7176    0.5451];
COLOR.turquoise=[0.6039    0.8157    0.7333];
COLOR.magenta=[0.7804    0.0824    0.5216];
COLOR.peach = [0.9843    0.8000    0.7176];
COLOR.bluegray=[0.3804    0.5412    0.5961];
% for frontoparietal ROIs:
COLOR.frontal1=[0.6039    0.8157    0.7333];
COLOR.frontal2=[0.3804    0.5412    0.5961];
COLOR.frontal3=[ 0    0.6000    0.9020];
COLOR.frontal4=[0.0706    0.1451    0.3529];
COLOR.parietal1=[0.8941    0.7490    0.2667];
COLOR.parietal2=[0.7765    0.3412    0.2588];
COLOR.white = [1    1    1];
% for ITC ROIs:
COLOR.entorhinal = COLOR.purple;
COLOR.fusiform = COLOR.red;
COLOR.inferiortemporal = COLOR.parietal1 ;
COLOR.middletemporal = COLOR.parietal2;
COLOR.lateraloccipital = [0.1 0.3 0.7]; 
COLOR.lingual = COLOR.greendark;
COLOR.parahippocampal = [0.6 0.85 0.75];
COLOR.intermediate = [0.7 0.7 0.4];
% Moonrise1:
%     0.4471    0.7922    0.8667
%     0.9412    0.6471    0.6902
%     0.5490    0.5216    0.2118
%     0.7647    0.7059    0.4667
%     0.9804    0.8157    0.3882
    

% Moonrise4:    
%     0.4824    0.5294    0.3804
%     0.7569    0.6510    0.1804
%     0.3098    0.5608    0.4196
%     0.2314    0.2706    0.2353
%     0.6235    0.1961    0.0314
%     
% Royal1:
%     0.4745    0.6431    0.2275
%     0.9490    0.8392    0.6863
%     0.3686    0.2824    0.1608
%     0.0941    0.0784    0.0039

% Darjeeling2
%     0.8353    0.8902    0.8471
%     0.3804    0.5412    0.5961
%     0.9765    0.8549    0.5843
%     0.6824    0.2941    0.0863
%     0.4706    0.4392    0.3922

% FantasticFox2:
%     0.8941    0.7490    0.2667
%     0.7765    0.3412    0.2588
%     0.6039    0.8157    0.7333
%     0.2000    0.1529    0.2157
%     0.6706    0.6314    0.5529

% FantasticFox1:
%     0.9765    0.8588    0.1255
%     0.5765    0.2941    0.3059
%     0.2588    0.0902    0.0510
%     0.7608    0.4745    0.1333
%     0.8863    0.7843    0.6549

% 'Zissou':
%          0    0.6000    0.9020
%     0.0706    0.1451    0.3529
%     0.9490    0.2196    0.0784
%     0.8745    0.7176    0.5451
%     0.7137    0.7647    0.7725

% Moonrise1
%     0.4471    0.7922    0.8667
%     0.9412    0.6471    0.6902
%     0.5490    0.5216    0.2118
%     0.7647    0.7059    0.4667
%     0.9804    0.8157    0.3882